30
29
7
367
13 14 15 16 17 18 19 20 21 22 23 24 25 26 27 28 29
715
27 28 29 30
962
29 30
445
27 28 29 30
415
28 29 30
253
24 25 26 27 28 29 30
248
24 25 26 27 28
936
18 19 20 21 22 23 24 25 26 27
565
4 5 6 7 8 9 10
313
14 15 16 17 18 19 20 21 22 23 24 25 26
327
2 3 4 5 6 7 8 9 10
482
10 11 12
882
12 13 14 15 16 17 18 19 20 21 22 23 24 25
495
6 7 8 9 10 11 12 13 14 15 16 17 18 19 20 21 22 23 24 25 26 27 28
701
14 15 16 17 18 19 20 21 22 23 24 25 26 27 28 29 30
138
28 29 30
533
17 18 19 20 21 22 23 24 25 26
76
25 26 27 28 29
29
4 5 6 7 8 9 10 11 12 13 14 15 16 17 18 19 20 21 22 23 24 25 26 27 28 29 30
360
3 4 5 6 7 8 9 10 11 12 13 14 15 16 17 18 19 20 21
598
14 15 16 17 18 19 20 21 22 23 24 25 26 27 28 29 30
921
25 26 27 28 29 30
887
28 29 30
764
22 23 24 25 26 27 28 29 30
455
19 20 21 22 23 24 25 26 27 28 29 30
862
20 21 22 23 24 25 26 27 28 29 30
640
30
892
1 2 3 4 5 6 7 8 9 10 11 12 13 14
612
