30
92
29 30
1
22 23 24 25 26 27 28 29 30
1
26 27 28 29 30
1
24 25 26 27 28 29 30
1
26 27 28 29 30
1
21 22 23 24 25 26 27 28 29
1
26 27 28 29 30
1
16 17 18 19 20 21 22 23 24 25 26
1
6 7 8 9 10 11 12 13 14 15 16 17 18 19 20 21 22 23 24 25 26 27 28 29 30
1
29 30
1
8 9 10 11 12 13 14 15 16 17 18 19 20 21 22 23 24 25 26 27 28 29 30
1
28 29 30
1
3 4 5 6 7 8 9 10 11 12 13 14 15 16 17 18 19 20 21 22 23 24
1
20
1
21 22 23 24 25 26 27 28 29 30
1
3 4 5 6 7 8 9 10 11 12 13 14 15 16 17 18 19 20 21 22
1
16 17 18 19
1
27 28 29 30
1
20
1
26 27 28 29 30
1
18 19 20 21 22 23 24 25 26 27 28 29 30
1
7 8 9 10 11 12
1
11 12 13 14 15 16 17 18 19 20 21 22 23 24 25 26 27 28 29 30
1
24 25 26 27 28 29 30
1
24 25 26 27 28 29 30
1
12 13 14 15 16 17 18 19 20 21 22 23 24 25 26 27 28 29 30
1
27 28 29
1
19 20 21 22 23 24 25 26 27 28 29 30
1
10 11 12 13 14 15
1
20 21 22 23 24 25 26 27 28 29 30
1
11 12 13 14 15 16 17 18 19 20 21 22 23 24 25 26 27 28 29 30
1
22 23 24 25
1
29 30
1
14 15 16 17 18 19 20 21 22 23 24 25 26 27 28 29 30
1
26 27 28 29 30
1
29 30
1
14 15 16 17 18 19 20 21 22 23 24 25 26 27 28
1
7 8 9 10 11 12
1
17 18 19 20 21 22 23 24 25 26 27 28 29 30
1
16 17 18 19 20 21 22 23 24 25 26 27 28 29 30
1
12 13 14 15 16 17 18 19 20 21 22 23 24 25 26 27 28 29 30
1
24 25 26 27 28 29 30
1
6 7 8 9 10 11 12
1
25 26 27 28 29 30
1
7 8 9 10 11 12 13 14 15 16 17 18 19 20 21 22 23 24 25 26 27 28 29 30
1
29 30
1
19 20 21 22 23 24 25 26 27 28 29 30
1
22 23 24 25 26 27 28 29 30
1
15 16 17 18 19 20 21 22 23 24 25 26 27 28 29
1
26 27 28 29 30
1
20 21 22 23 24 25 26 27 28 29 30
1
3 4 5 6 7 8 9 10 11 12 13 14 15 16 17 18 19 20 21 22 23 24 25 26 27 28
1
27 28 29 30
1
4 5 6 7
1
21 22 23 24 25 26 27 28 29 30
1
27 28 29 30
1
27 28 29 30
1
15 16 17 18 19 20 21 22 23 24 25 26 27 28 29 30
1
9 10 11 12 13 14 15 16 17 18 19 20 21 22 23 24 25 26 27
1
24 25 26 27
1
24 25 26 27 28 29 30
1
6 7 8 9 10 11 12 13 14 15 16 17 18 19 20 21 22 23 24 25 26 27 28 29 30
1
10 11 12 13 14 15 16 17 18 19 20 21 22 23 24 25 26 27 28 29
1
28 29 30
1
7 8 9 10 11 12 13 14 15 16 17 18 19 20 21 22 23 24 25 26 27 28 29 30
1
13 14
1
26 27 28 29 30
1
23 24 25 26 27 28 29 30
1
12 13 14 15 16 17 18 19 20 21 22 23
1
27 28 29 30
1
29 30
1
14 15 16 17
1
29 30
1
15 16 17 18 19 20 21 22
1
22 23 24 25 26 27 28 29 30
1
23 24 25 26 27 28 29 30
1
8 9 10 11 12 13 14 15 16 17 18 19 20 21 22 23 24 25
1
9 10 11 12 13 14 15 16 17 18 19 20 21 22 23 24 25 26 27 28 29 30
1
6 7 8 9 10 11 12 13 14 15 16 17 18 19 20 21 22 23 24 25 26 27 28 29
1
14 15 16 17 18 19 20 21 22 23 24 25 26 27 28 29 30
1
29 30
1
21 22 23 24 25 26 27 28 29 30
1
17 18 19 20 21 22 23 24 25
1
21 22 23 24 25 26 27 28 29 30
1
21 22 23 24 25 26 27 28 29 30
1
23 24 25 26 27 28 29 30
1
8 9 10 11 12
1
26 27 28 29 30
1
20 21 22 23 24 25 26 27 28 29 30
1
23 24 25 26 27 28 29 30
1
17 18 19 20 21 22 23 24 25 26 27 28 29 30
1
1 2 3 4 5 6 7 8 9 10 11 12 13 14 15 16 17 18 19 20 21 22
1
